00000671330008090512017052300289350003100021105201604248
00000671330008090522017052300241125003100021105201604249
00000671330008090532017052300241125003100021105201604260
00000671330008090542017052300144675003100021105201604234
00000671330008090552017052300144675003100021105201604262
00000671330008090562017052300144675003100021105201604269
00000671330008090572017052300289350003100021105201604264
00000671330008090582017052300289350003100021105201604247
00000671330008090592017052300241125003100021105201604248
00000671330008090602017052300241125003100021105201604268
00000671330008090612017052300144675003100021105201604232
00000671330008090622017052300144675003100021105201604260
00000671330008090632017052300144675003100021105201604267
00000671330008090642017052300289350003100021105201604262
00000671330008090652017052300289350003100021105201604245
00000671330008090662017052300241125003100021105201604246
00000671330008090672017052300241125003100021105201604267
00000671330008090682017052300144675003100021105201604231
00000671330008090692017052300144675003100021105201604269
00000671330008090702017052300144675003100021105201604265
00000671330008090712017052300289350003100021105201604260
00000671330008090722017052300289350003100021105201604243
00000671330008090732017052300241125003100021105201604244
00000671330008090742017052300241125003100021105201604265
00000671330008090752017052300144675003100021105201604239
00000671330008090762017052300144675003100021105201604267
00000671330008090772017052300144675003100021105201604264
00000671330008090782017052300289350003100021105201604269
00000671330008090792017052300289350003100021105201604242
00000671330008090802017052300241125003100021105201604242
00000671330008090812017052300241125003100021105201604263
00000671330008090822017052300144675003100021105201604237
00000671330008090832017052300144675003100021105201604265
00000671330008090842017052300144675003100021105201604262
00000671330008090852017052300289350003100021105201604267
00000671330008090862017052300289350003100021105201604240
00000671330008090872017052300241125003100021105201604241
00000671330008090882017052300241125003100021105201604262
00000671330008090892017052300144675003100021105201604236
00000671330008090902017052300144675003100021105201604263